1024
1 4
1 8
2 1
2 2
2 4
4 1
4 2
4 4
4 16
8 2
8 4
8 16
8 2
16 2
cpus = [4,8,1,2,4,1,2,4,16,2,4,16,2,2]
ppns = [1,1,2,2,2,4,4,4,4,8,8,8,8,16]

2048
1 2
1 4
1 8
2 1
2 2
2 4
4 1
4 2
4 4
8 2
8 4
8 16
16 2
2048cpus = [2,4,8,1,2,4,1,2,4,2,4,16,2]
2048ppns = [1,1,1,2,2,2,4,4,4,8,8,8,16]

4096
1 1
1 4
1 8
2 1
2 4
2 8
4 1
4 2
4 4
8 1
8 2
8 4
16 1
16 2
4096cpus = [1,4,8,1,4,8,1,2,4,1,2,4,1,2]
4096ppns = [1,1,1,2,2,2,4,4,4,8,8,8,16,16]

8192
1 1
1 4
1 8
1 16
2 1
2 4
2 16
4 1
4 2
4 4
4 16
8 2
8 4
16 2
16 4
8192cpus = [1,4,8,16,1,4,16,1,2,4,16,2,4,2,4]
8192ppns = [1,1,1,2,2,2,4,4,4,4,8,8,16,16]

16384
1 1
1 4
1 8
2 1
2 2
2 4
2 8
4 1
4 2
4 4
8 2
8 4
8 8
16 2
16 8
16384cpus = [1,4,8,1,2,4,8,1,2,4,2,4,8,2,8]
16384ppns = [1,1,1,2,2,2,2,4,4,4,8,8,8,16,16]

32768
1 1
1 2
1 4
1 8
2 1
2 2
2 8
4 1
4 2
4 4
4 8
8 1
8 2
8 4
16 1
16 2
32768cpus = [1,2,4,8,1,2,8,1,2,4,8,1,2,4,1,2]
32768ppns = [1,1,1,1,2,2,2,4,4,4,4,8,8,8,16,16]